2 2 54 0 0 0 0 0 0 0 0 0
3 1 3 56 0 0 0 0 0 0 0 0
5 2 4 6 8 56 0 0 0 0 0 0
4 3 5 6 56 0 0 0 0 0 0 0
6 4 6 7 16 31 56 0 0 0 0 0
5 3 4 5 7 8 0 0 0 0 0 0
6 5 6 8 9 13 16 0 0 0 0 0
4 3 6 7 9 0 0 0 0 0 0 0
5 7 8 10 11 13 0 0 0 0 0 0
2 9 11 0 0 0 0 0 0 0 0 0
4 9 10 12 13 0 0 0 0 0 0 0
2 11 13 0 0 0 0 0 0 0 0 0
6 7 9 11 12 14 16 0 0 0 0 0
3 13 15 16 0 0 0 0 0 0 0 0
3 14 16 18 0 0 0 0 0 0 0 0
11 5 7 13 14 15 17 18 19 28 29 31
3 16 18 19 0 0 0 0 0 0 0 0
3 15 16 17 0 0 0 0 0 0 0 0
4 16 17 28 30 0 0 0 0 0 0 0
6 21 24 30 38 39 43 0 0 0 0 0
4 20 22 23 24 0 0 0 0 0 0 0
4 21 23 24 25 0 0 0 0 0 0 0
4 21 22 25 27 0 0 0 0 0 0 0
6 20 21 22 25 43 53 0 0 0 0 0
6 22 23 24 26 27 53 0 0 0 0 0
3 25 27 53 0 0 0 0 0 0 0 0
3 23 25 26 0 0 0 0 0 0 0 0
4 16 19 29 30 0 0 0 0 0 0 0
9 16 28 30 31 32 34 35 36 37 0 0
6 19 20 28 29 37 38 0 0 0 0 0
6 5 16 29 32 45 46 0 0 0 0 0
5 29 31 34 44 45 0 0 0 0 0 0
9 34 35 36 38 39 40 41 42 44 0 0
5 29 32 33 35 44 0 0 0 0 0 0
4 29 33 34 36 0 0 0 0 0 0 0
5 29 33 35 37 38 0 0 0 0 0 0
4 29 30 36 38 0 0 0 0 0 0 0
6 20 30 33 36 37 39 0 0 0 0 0
5 20 33 38 40 43 0 0 0 0 0 0
4 33 39 41 43 0 0 0 0 0 0 0
6 33 40 42 43 47 49 0 0 0 0 0
4 33 41 44 47 0 0 0 0 0 0 0
8 20 24 39 40 41 49 52 53 0 0 0
7 32 33 34 42 45 46 47 0 0 0 0
4 31 32 44 46 0 0 0 0 0 0 0
5 31 44 45 47 48 0 0 0 0 0 0
6 41 42 44 46 48 49 0 0 0 0 0
5 46 47 49 50 51 0 0 0 0 0 0
7 41 43 47 48 50 51 52 0 0 0 0
3 48 49 51 0 0 0 0 0 0 0 0
4 48 49 50 52 0 0 0 0 0 0 0
4 43 49 51 53 0 0 0 0 0 0 0
5 24 25 26 43 52 0 0 0 0 0 0
2 1 55 0 0 0 0 0 0 0 0 0
1 54 0 0 0 0 0 0 0 0 0 0
4 2 3 4 5 0 0 0 0 0 0 0
